aspect_strict_Acc:	0.235657546337158
aspect_Macro_F1:	0.1380930571073293
aspect_Macro_AUC:	0.6543634386681996

sentiment_Acc:	0.9460310793784125
sentiment_Macro_AUC:	0.8526366596182553




AUC per aspect:	 Calls, CustomerService, Data, General, Network
[0.7198662957855122, 0.6276206134934692, 0.6070627296951032, 0.7292117173749056, 0.5880558369920073]