predicted,score_none,score_pos,score_neg
1,0.6280358389555816,0.19643599326529254,0.17552816777912597
1,0.6012595282650204,0.20620681482844389,0.19253365690653576
1,0.5365148307720355,0.2608248253484072,0.20266034387955736
1,0.5950395484001264,0.2064231084431082,0.19853734315676536
1,0.5965533039289792,0.23792386048741998,0.1655228355836008
1,0.6413520600467608,0.189021337286024,0.1696266026672152
1,0.6060825778436386,0.20200085195783263,0.19191657019852892
1,0.5190096118027533,0.27511163073077316,0.20587875746647358
1,0.5978232169753063,0.2023559196334355,0.1998208633912583
1,0.5989265117902257,0.24360429525995334,0.15746919294982092
1,0.7232379468823301,0.13106757395277302,0.14569447916489692
1,0.6834619065892765,0.1444628755701784,0.17207521784054508
1,0.5857941274304932,0.22351936230452052,0.19068651026498637
1,0.6735257113233957,0.14498469378599718,0.18148959489060715
1,0.6801033370449727,0.1867754974423321,0.13312116551269507
1,0.6146648217628836,0.17844499884316015,0.2068901793939563
1,0.591417300661005,0.1859859743279493,0.2225967250110458
1,0.5382364775203609,0.22954160314710362,0.23222191933253553
1,0.5858717772148276,0.18607024771813585,0.22805797506703648
1,0.5903334201276572,0.2118759020770631,0.19779067779527967
1,0.6828369765481458,0.05335651869392304,0.2638065047579311
1,0.6195614910332571,0.06244349008633706,0.317995018880406
1,0.49907512711610447,0.1373082651273818,0.36361660775651367
1,0.6020893737126318,0.0625108523928255,0.33539977389454273
1,0.6525144837550844,0.10266614816645281,0.24481936807846286
1,0.670957652584674,0.1660670304956631,0.16297531691966297
1,0.6313607755735985,0.18011415653227436,0.18852506789412715
1,0.5339918936536971,0.26097553762504744,0.20503256872125553
1,0.6218564327568804,0.1805302335654564,0.19761333367766312
1,0.6250258270359808,0.225337563690182,0.14963660927383732
1,0.6599763221541456,0.17116568967428836,0.16885798817156616
1,0.589009609874521,0.1958726087024291,0.21511778142304996
1,0.4138743965463874,0.34458544315793954,0.24154016029567296
1,0.5718311662120668,0.19624692518463668,0.23192190860329648
1,0.5727095306126476,0.28230141072757875,0.14498905865977366
1,0.7697587353793174,0.1223478784674878,0.1078933861531948
1,0.7455209138330795,0.13180891657208543,0.12267016959483518
1,0.6832603615603663,0.18268562158272095,0.13405401685691268
1,0.7396853613086567,0.1324140284000415,0.12790061029130192
1,0.7411057455748027,0.15758339553059375,0.1013108588946035
1,0.6518750540518173,0.16226256894996985,0.1858623769982128
1,0.6118835161942499,0.17533156453584123,0.2127849192699089
1,0.5176490585450223,0.2528648851676961,0.2294860562872816
1,0.6021800470124941,0.17555420679633743,0.22226574619116862
1,0.6086632448034014,0.22006781049739,0.17126894469920861
1,0.6780916650735314,0.18273326760015934,0.1391750673263092
1,0.6508830922275844,0.19375662829661597,0.15536027947579967
1,0.581252166132216,0.25275107934119784,0.16599675452658622
1,0.6446309634058665,0.194261723343898,0.16110731325023558
1,0.6435761450604959,0.22587462062488042,0.1305492343146238
1,0.7758591907017109,0.16031313168631056,0.06382767761197856
1,0.752484786770497,0.17349402777219472,0.07402118545730826
1,0.6798484932654542,0.23891879766225618,0.0812327090722897
1,0.7476350659097566,0.17461143291659914,0.07775350117364421
1,0.7363479310364773,0.20485453891676333,0.05879753004675934
1,0.6764356800634302,0.17981042211521756,0.14375389782135223
1,0.6166097084835789,0.2030379582074,0.18035233330902117
1,0.4612323197458886,0.33625561300680884,0.20251206724730264
1,0.602390608100966,0.20376297236003652,0.1938464195389975
1,0.5978709759766452,0.2772557770796554,0.12487324694369938
1,0.6227905474091338,0.31645280193703285,0.06075665065383344
1,0.603271417721319,0.32941156895563545,0.06731701332304561
1,0.542253070036441,0.3867844411400443,0.07096248882351458
1,0.5997178863337282,0.3305456125015881,0.06973650116468358
1,0.5855354070454571,0.3578904308515138,0.05657416210302915
1,0.550521321771628,0.2040508363267181,0.24542784190165393
1,0.5273651470795266,0.21136499748215118,0.26126985543832204
1,0.4744457145604048,0.2553157639279392,0.270238521511656
1,0.5219216815126138,0.2112979411106596,0.26678037737672655
1,0.5257424556223352,0.2387270731559372,0.2355304712217275
1,0.5670446678311512,0.1592938096494634,0.2736615225193854
1,0.5465518373134102,0.1649871396938081,0.28846102299278176
1,0.5025843217593466,0.19966002642189953,0.29775565181875385
1,0.5415427848969514,0.1649443682787288,0.2935128468243197
1,0.5484129306626727,0.1863910393758551,0.26519602996147207
1,0.5435882533156691,0.2619490442029319,0.19446270248139902
1,0.5078962829098903,0.2751561751016171,0.21694754198849256
1,0.4212575225919548,0.35087199873091285,0.22787047867713245
1,0.4999116891148681,0.2750599858861827,0.22502832499894906
1,0.49796601281496966,0.32275317032623607,0.17928081685879432
1,0.4572917862882673,0.15224602307014948,0.39046219064158316
2,0.4179533565042777,0.163903992029962,0.41814265146576046
2,0.33166118985486787,0.2391964810565881,0.42914232908854405
2,0.40892138292305186,0.16382565828885975,0.42725295878808844
1,0.4175187745937465,0.21147484390992097,0.3710063814963325
2,0.4153117313282624,0.04195318253471436,0.5427350861370231
2,0.3886615314362201,0.048865185334310536,0.5624732832294693
2,0.31820505030643337,0.09396331696284003,0.5878316327307266
2,0.3826808874613311,0.04945325284381664,0.5678658596948523
2,0.3852093394483589,0.06968090657985493,0.5451097539717863
1,0.6648212727275677,0.10323238811422673,0.23194633915820542
1,0.5963046520811562,0.11918593131733037,0.28450941660151335
1,0.4467029138989064,0.23407545934479998,0.3192216267562936
1,0.5785256748298415,0.11923521121174804,0.30223911395841047
1,0.6070165533277606,0.18488660964838083,0.20809683702385853
1,0.4632635244455851,0.09289530696525142,0.4438411685891634
2,0.40110698491613467,0.11011650983102152,0.4887765052528438
2,0.26289394115689124,0.2335085468906474,0.5035975119524614
2,0.38742825406770987,0.11076627083905839,0.5018054750932317
2,0.40102212918347135,0.18086803817096328,0.41810983264556534
1,0.538978124242642,0.07656328967692953,0.38445858608042843
1,0.502117122476604,0.08404390033504075,0.41383897718835516
2,0.4286300451067771,0.1354846460429277,0.43588530885029514
1,0.4928672054654681,0.0841475496311448,0.42298524490338707
1,0.5141025867919459,0.11362265643057941,0.3722747567774748
1,0.43933012283652584,0.18613549654098585,0.3745343806224884
1,0.42249487211499237,0.19120940129051442,0.3862957265944931
2,0.384874314688387,0.22312390964439063,0.3920017756672223
1,0.41854635822677105,0.19107866698283044,0.39037497479039857
1,0.42215434253793266,0.2118249323770031,0.36602072508506434
1,0.6804675673922683,0.11472078281161721,0.20481164979611444
1,0.6201658531404307,0.13042978903930494,0.24940435782026438
1,0.48319917890456643,0.23646373340990567,0.28033708768552795
1,0.6045636061149461,0.13062438902779508,0.2648120048572588
1,0.625164381431665,0.19002519980122898,0.18481041876710597
1,0.5405562352529286,0.05673001011790738,0.40271375462916403
1,0.506010499624524,0.06267709099158082,0.43131240938389515
2,0.43945007400565816,0.10413814297388248,0.4564117830204595
1,0.49719178083866744,0.06281405205203786,0.4399941671092948
1,0.5205733978595303,0.08575221497457917,0.3936743871658905
1,0.48675176359955746,0.06027347101781501,0.45297476538262754
2,0.43081324545469124,0.07294705380420816,0.4962397007411007
2,0.3045303223639064,0.17219821618483372,0.5232714614512599
2,0.41808361218488393,0.0736107098956285,0.5083056779194876
1,0.4384797467683812,0.12453928896772538,0.4369809642638933
1,0.586274053815967,0.0653613909576662,0.34836455522636683
1,0.5310984043293612,0.0745624624345061,0.39433913323613284
2,0.42309107537694884,0.1458443161630549,0.43106460845999617
1,0.5169331345803571,0.07463560637540853,0.4084312590442343
1,0.5530055047722435,0.11472868428702668,0.3322658109407298
1,0.5807244540394498,0.055959799169973214,0.36331574679057704
1,0.5243386242589689,0.06523068889655112,0.41043068684447986
2,0.4144180967191819,0.14005432208506452,0.44552758119575364
1,0.5100787200346475,0.0654043559979158,0.42451692396743673
1,0.5488880845992108,0.1060976701294779,0.34501424527131125
1,0.6231728563721614,0.2631400437626447,0.11368709986519403
1,0.597541593010279,0.27591258159687215,0.12654582539284884
1,0.5266841609025414,0.33950249500390295,0.1338133440935556
1,0.5921809195805025,0.27659442214159585,0.1312246582779017
1,0.5837131182678427,0.31055087596262443,0.10573600576953289
1,0.6709692286739878,0.28484060193881566,0.04419016938719666
1,0.6449808358320742,0.3036699792215196,0.0513491849464062
1,0.5584633382091849,0.38594914630691524,0.055587515483899785
1,0.6404212087397141,0.3055235451857945,0.054055246074491504
1,0.6174881791422023,0.3425506627540889,0.03996115810370871
1,0.6087462617263105,0.0996450500558123,0.2916086882178772
1,0.5662908776829289,0.10881517956740994,0.3248939427496614
1,0.48054046652235877,0.17131935541719165,0.3481401780604496
1,0.5553892918644274,0.10880214888607044,0.3358085592495022
1,0.5781989807845537,0.14569723456760325,0.276103784647843
1,0.5452719754708643,0.11074413324653844,0.34398389128259726
1,0.5170319880647242,0.11733251105759715,0.36563550087767865
1,0.45976001809126915,0.15980779506270598,0.3804321868460248
1,0.5099571068444799,0.11731120106262141,0.3727316920928987
1,0.5237728305595754,0.14307765692077393,0.33314951251965064
1,0.4925702726118545,0.044165281562515625,0.46326444582562976
2,0.452520156581795,0.05137934073607634,0.49610050268212874
2,0.3664206674499665,0.10513132968334642,0.5284480028666871
2,0.4428858380715088,0.05175543575775195,0.5053587261707393
1,0.4639339876615809,0.07866625481831273,0.45739975752010636
2,0.48171062664665654,0.009327470136795635,0.5089619032165478
2,0.44757983842846355,0.012547016827019405,0.539873144744517
2,0.35592047506189994,0.04581985606385433,0.5982596688742458
2,0.43972702167343003,0.012871428966369803,0.5474015493602001
2,0.4555332565992905,0.024815501397655766,0.5196512420030537
1,0.6495887510520065,0.0774716762096056,0.27293957273838804
1,0.5549737253032598,0.09524109950019254,0.34978517519654756
2,0.3567260067344045,0.24638236046235715,0.3968916328032384
1,0.5306943780247876,0.09524265655572048,0.3740629654194919
1,0.5776467215471153,0.1813913505427257,0.240961927910159
1,0.5258121216703517,0.1280175281962729,0.3461703501333752
1,0.49991701461878657,0.13446379758873878,0.36561918779247454
1,0.4460619755036245,0.17552545167173636,0.3784125728246392
1,0.4935270742983125,0.1344098670779823,0.37206305862370526
1,0.5043439926729394,0.1597671691373036,0.335888838189757
1,0.7014373386695089,0.20991949430943996,0.0886431670210512
1,0.6630057483575245,0.23009253240087224,0.10690171924160337
1,0.5498131904775386,0.3318873444720703,0.11829946505039098
1,0.6547982952913418,0.23144139682341983,0.11376030788523822
1,0.6390842357118104,0.2821594987791109,0.07875626550907851
1,0.7023649873753255,0.0697495561549008,0.22788545646977376
1,0.6533252658103053,0.0786796227221709,0.2679951114675237
1,0.5572306627386924,0.142919878207893,0.2998494590534148
1,0.6398163656727319,0.07878324658974978,0.2814003877375182
1,0.674257649474653,0.11392893450741755,0.21181341601792938
1,0.6103557660086988,0.03151306403396414,0.3581311699573371
1,0.4871229256545513,0.046409860949821705,0.466467213395627
2,0.233327894405572,0.24728504189144873,0.5193870637029793
2,0.45927597302620565,0.04715766074263045,0.4935663662311638
1,0.5359252448420533,0.14532745272296343,0.31874730243498317
1,0.6253225526186561,0.2970805770606457,0.07759687032069812
1,0.605966667152787,0.3087433822891236,0.08528995055808938
1,0.5479833397505086,0.3624479265372234,0.08956873371226812
1,0.6022632309072892,0.3096341428980749,0.08810262619463599
1,0.5909751583985471,0.3363275503444104,0.07269729125704244
1,0.6091742998732642,0.12130844303916988,0.26951725708756596
1,0.5256460254490858,0.141656129136347,0.3326978454145672
2,0.34609905604950963,0.2885419572251407,0.3653589867253497
1,0.5051273776504391,0.14144836316322767,0.3534242591863331
1,0.5304458802126908,0.23181682163029868,0.23773729815701064
1,0.6325106006949092,0.2302719224447239,0.13721747686036698
1,0.5775084063394202,0.2542053912470783,0.16828620241350153
1,0.43266901812164704,0.3817054584788724,0.1856255233994805
1,0.565164946937229,0.25499233451953207,0.17984271854323886
1,0.5535473098066174,0.32672152239026975,0.11973116780311298
1,0.5033201710149792,0.08934843304024973,0.4073313959447711
1,0.45800879707388914,0.09986913620242702,0.4421220667236839
2,0.3622878438846604,0.1734091818553759,0.46430297425996386
2,0.4471612608379159,0.10004810858596166,0.45279063057612234
1,0.46623278905744997,0.14243253520263338,0.39133467573991665
1,0.5567133280452341,0.13112838149041497,0.3121582904643508
1,0.5038355431833412,0.14449563916850247,0.3516688176481563
1,0.3915204499921025,0.23564731155378407,0.3728322384541135
1,0.49102384791469234,0.14434675858812712,0.36462939349718054
1,0.5093116820183957,0.2008491257349931,0.28983919224661114
1,0.3959974311346135,0.26793357496358017,0.33606899390180645
1,0.6003916834197729,0.10679740723338912,0.29281090934683796
1,0.5038418161533279,0.12887586497557701,0.367282318871095
2,0.3020614555928127,0.2977754700089079,0.4001630743982793
1,0.48058473931534557,0.12870921445263417,0.39070604623202027
1,0.511798939311814,0.23367362556909482,0.25452743511909115
1,0.6283728341288416,0.2177810030073418,0.15384616286381658
1,0.5913937920456661,0.23266459666814057,0.17594161128619334
1,0.4974252425885264,0.31408542951499774,0.188489327896476
1,0.5830067295574657,0.23306954669643692,0.1839237237460973
1,0.5798478911811377,0.27943702845009977,0.14071508036876254
1,0.7278612095480902,0.11220830758909363,0.15993048286281616
1,0.7043620210747077,0.11915661181942472,0.17648136710586748
1,0.6528478234079559,0.1586298208551431,0.1885223557369011
1,0.6983800946002982,0.1194119110226835,0.18220799437701837
1,0.7071347307959943,0.1408044839353431,0.15206078526866265
1,0.6805093942662969,0.16719911207979474,0.1522914936539085
1,0.6516877938993122,0.17788089952689556,0.17043130657379232
1,0.5807124156553801,0.23689218951321472,0.18239539483140504
1,0.6448724057127563,0.17828597198610077,0.17684162230114295
1,0.6467995991611231,0.210489788212616,0.14271061262626103
1,0.5455729885114049,0.1900158434227218,0.26441116806587334
1,0.5063384329311716,0.20175818183445735,0.29190338523437104
1,0.41825062783901884,0.27542044880749766,0.3063289233534835
1,0.49706833383180304,0.20154419211070937,0.3013874740574876
1,0.5042417923317534,0.24839904687584463,0.24735916079240197
1,0.721842623397284,0.17943562999726068,0.0987217466054553
1,0.6597737235164567,0.20852238896057593,0.13170388752296744
1,0.47936732832873197,0.36778066722260433,0.1528520044486638
1,0.6453816799036736,0.21013767538933806,0.14448064470698846
1,0.6262463948322845,0.2910943502892534,0.08265925487846203
1,0.6768080670254911,0.156443917681624,0.16674801529288474
1,0.6336242474356755,0.17116386428742944,0.1952118882768952
1,0.5283277229781663,0.2577886516967714,0.21388362532506222
1,0.6231041449418266,0.1715712956461492,0.2053245594120242
1,0.628183451352459,0.21952921261195885,0.1522873360355822
1,0.6520685405584177,0.23416080665428302,0.11377065278729931
1,0.6215204726015907,0.24896185753477412,0.12951766986363517
1,0.537206139993781,0.3239395986352235,0.13885426137099544
1,0.6149686899470181,0.24976520662448087,0.1352661034285011
1,0.6061041595104264,0.2893095557147728,0.10458628477480075
1,0.6441088034088841,0.23363559355493377,0.12225560303618209
1,0.5968050917969954,0.2554975662992788,0.14769734190372577
1,0.4686154479885243,0.369159040804191,0.16222551120728487
1,0.5863832865511095,0.25642773122677404,0.15718898222211655
1,0.5738145921523606,0.31847005616496543,0.10771535168267393
1,0.7808405334771142,0.19060636633895484,0.02855310018393102
1,0.7519037938330028,0.21264892877907032,0.03544727738792688
1,0.6427119752440592,0.31703872694294966,0.04024929781299123
1,0.746894541936458,0.21498705578321012,0.03811840228033176
1,0.7158835129342943,0.2589716224688595,0.02514486459684616
1,0.5905817484334788,0.2557856395420408,0.1536326120244805
1,0.5414827290707462,0.27618710901172444,0.18233016191752913
1,0.417240339221123,0.38574901472606965,0.19701064605280727
1,0.530595198839224,0.2764951249222701,0.192909676238506
1,0.5222542967063551,0.3420033215297918,0.13574238176385314
1,0.6245067097337827,0.23583678397259,0.13965650629362722
1,0.5707684111234735,0.25887941935558534,0.17035216952094112
1,0.431410768011653,0.3816942779175245,0.18689495407082252
1,0.5587379207027505,0.25948711478395753,0.18177496451329186
1,0.5482211545368654,0.3301670882297533,0.12161175723338123
1,0.5337129798033573,0.16075766185624915,0.3055293583403935
1,0.4784725526298189,0.17588716485011774,0.34564028252006335
2,0.35901120187371155,0.27645881211693274,0.36452998600935566
1,0.465424305743398,0.17556198374502116,0.3590137105115809
1,0.4785607565517317,0.24039541643891757,0.2810438270093506
2,0.41502278580185714,0.022899858154277496,0.5620773560438653
2,0.38648087817901994,0.029582078010723174,0.5839370438102569
2,0.2932655635855208,0.08279739855476258,0.6239370378597167
2,0.3802818630498287,0.03031515937391904,0.5894029775762523
2,0.37488867128555486,0.05002138930224207,0.5750899394122031
2,0.44830563806787926,0.09514323271962015,0.4565511292125007
2,0.40826321581469044,0.10667829950416835,0.48505848468114116
2,0.3174782145450843,0.18241978035319434,0.5001020051017213
2,0.39914109654711466,0.10710274190863635,0.493756161544249
2,0.4090873224955357,0.14934849509210565,0.4415641824123586
1,0.7400345509733497,0.2195390030697708,0.04042644595687951
1,0.6997635946999846,0.24807361693605612,0.05216278836395929
1,0.5579021505862801,0.38221804048614616,0.059879808927573656
1,0.6923046618322005,0.2508695027857321,0.05682583538206724
1,0.6556248302381564,0.309945488691938,0.034429681069905474
1,0.4452738918518343,0.13409233277759794,0.42063377537056784
2,0.3876374270526505,0.15190772152439097,0.46045485142295856
2,0.2616782878029182,0.26920995872601317,0.4691117534710686
2,0.37502790210165454,0.15215843391094602,0.47281366398739944
2,0.38371690880899156,0.2251816941274515,0.39110139706355695
1,0.6640531535811709,0.15755258184441295,0.17839426457441618
1,0.5936638907570261,0.18052808031330259,0.22580802892967128
1,0.4231621885537566,0.3234435807317515,0.25339423071449185
1,0.5763625868241334,0.18080725274775633,0.2428301604281103
1,0.5822684076136428,0.2634974718751665,0.1542341205111908
1,0.6599639550480026,0.17495123239017066,0.16508481256182672
1,0.5900280960147708,0.19973683142645093,0.2102350725587783
1,0.4170653846310259,0.34735745758178216,0.23557715778719213
1,0.5731822329155808,0.20010873972655244,0.22670902735786677
1,0.5729943131755133,0.2858016841709296,0.14120400265355704
1,0.5086132792557868,0.07121136928871197,0.4201753514555012
1,0.4841234072435707,0.07646507713393984,0.43941151562248937
2,0.4349786119786351,0.10975055301006419,0.4552708350113008
1,0.477983653879651,0.07659701491533565,0.4454193312050133
1,0.4917000570465448,0.09537645111455031,0.4129234918389048
1,0.5890709075922701,0.2746037952394938,0.13632529716823608
1,0.5518410400538928,0.29150897502778417,0.15664998491832288
1,0.45356662023882144,0.3790161519435536,0.16741722781762503
1,0.5438314264667145,0.2920409114558597,0.16412766207742574
1,0.5344266001337367,0.3420705795455193,0.12350282032074401
1,0.6599326583963084,0.2903702876002188,0.04969705400347276
1,0.6260143129611456,0.31415348775968127,0.05983219927917318
1,0.5153896673014428,0.4187517477468813,0.06585858495167593
1,0.619861295441,0.31640122318940694,0.063737481369593
1,0.5918873626838247,0.36427120428444776,0.043841433031727585
1,0.5642490507795922,0.23463939595762281,0.20111155326278501
1,0.5405085075190594,0.24316074145824984,0.2163307510226907
1,0.48344680528132455,0.29206623269551096,0.22448696202316445
1,0.5351016443691371,0.24318287986126952,0.22171547576959352
1,0.5357588106724708,0.2730565966980033,0.19118459262952595
1,0.6178545418540695,0.20237895139725445,0.17976650674867603
1,0.5984687250045194,0.20946922915138597,0.1920620458440946
1,0.5519590031828523,0.24860438724481435,0.19943660957233336
1,0.5939978572216784,0.20962916126530245,0.19637298151301918
1,0.5952681586138672,0.23231896119971493,0.1724128801864178
1,0.6580749506822716,0.24540478047653058,0.09652026884119785
1,0.6237650231600994,0.2635326217344471,0.1127023551054536
1,0.5250345049424324,0.352728357723848,0.12223713733371966
1,0.6166100201966469,0.26467212147905117,0.11871785832430184
1,0.6024597478184238,0.3104046974317497,0.08713555474982657
1,0.5577595672004889,0.16386866286658527,0.27837176993292573
1,0.495590800868898,0.18131725665796777,0.3230919424731343
1,0.36016212541469095,0.2962225566620498,0.3436153179232593
1,0.4808801399026385,0.1809637435755268,0.3381561165218345
1,0.4940039435977795,0.2550035946000735,0.2509924618021471
1,0.5789337610447035,0.18983209682052762,0.2312341421347688
1,0.538971624687696,0.20241354227714206,0.258614833035162
1,0.4468217458040135,0.27891159756271156,0.27426665663327493
1,0.5294971472246879,0.2023636224948153,0.26813923028049674
1,0.5353360089372899,0.24927124352554994,0.21539274753716006
1,0.5035630658896334,0.1542263299403224,0.34221060417004423
1,0.6676829000388269,0.13519872681253553,0.1971183731486375
1,0.6336574857053705,0.1451309894148095,0.22121152487982004
1,0.5572506936497496,0.2048122082194347,0.2379370981308157
1,0.6251363236681,0.14532595612288232,0.22953772020901766
1,0.6355882544726137,0.17913390959678752,0.18527783593059882
1,0.7423097365185528,0.17154589868273565,0.08614436479871161
1,0.6825466163298795,0.2011385520513534,0.11631483161876711
1,0.49981461825729634,0.3633752012523459,0.13681018049035767
1,0.6687837251800726,0.20309827492472854,0.1281179998951989
1,0.6458834998680895,0.2819359503330065,0.07218054979890404
1,0.5821756830509494,0.22528443738218804,0.19253987956686264
1,0.5540811580961448,0.2355334697329802,0.2103853721708749
1,0.4859109741730732,0.29370386695406586,0.22038515887286103
1,0.5476588892540849,0.2356404315150539,0.21670067923086117
1,0.5480883873498782,0.2704168372358931,0.18149477541422881
1,0.602089775690493,0.1666491353586689,0.23126108895083825
1,0.5469270559309372,0.18309084164418,0.26998210242488296
1,0.42229009671720225,0.28714208872473,0.2905678145580676
1,0.533632735973911,0.1829650861860789,0.28340217784001015
1,0.5441463273338888,0.24708004515555335,0.208773627510558
1,0.671924466042897,0.17720110246156218,0.1508744314955409
1,0.636460972908115,0.19061854828979713,0.17292047880208794
1,0.5478166653236689,0.2656228502349826,0.18656048444134835
1,0.6281219541863222,0.19106185726767452,0.1808161885460032
1,0.6287840566569012,0.2325023019387289,0.1387136414043699
1,0.7003615474543162,0.16603291338106851,0.1336055391646152
1,0.6550340850828146,0.18385110202612848,0.16111481289105686
1,0.5362416087952661,0.28470716161096776,0.17905122959376638
1,0.6442529162321416,0.1845981987178469,0.17114888505001125
1,0.6422473745277175,0.23812585244128445,0.11962677303099804
1,0.592292126520795,0.1142722678363759,0.29343560564282917
1,0.5321997396943318,0.12834666970448044,0.33945359060118774
1,0.4054495953776303,0.22787081615033253,0.3666795884720372
1,0.5172777276953393,0.12825029348516787,0.3544719788194929
1,0.5415739709030184,0.18827167059293182,0.2701543585040498
1,0.6172915068580567,0.11189986336649019,0.2708086297754532
1,0.5554472174925126,0.12622137037045994,0.3183314121370274
1,0.42352416608205445,0.22747470641744655,0.34900112750049905
1,0.5398182756447816,0.12616414534083706,0.3340175790143814
1,0.5651689752798332,0.18613542693195512,0.24869559778821157
1,0.5983643593855781,0.09755967128646484,0.304075969327957
1,0.5621896081862822,0.10517348271834291,0.3326369090953749
1,0.49018357467860263,0.15599579431209193,0.3538206310093054
1,0.5528685885974465,0.10516579802393719,0.3419656133786163
1,0.5732166834950477,0.13528072462111412,0.29150259188383815
1,0.5431979093196964,0.030600135902712124,0.4262019547775916
1,0.5039334235633023,0.03559149706294514,0.4604750793737526
2,0.42974145821767834,0.07477556557377954,0.49548297620854204
1,0.49395922447216095,0.03581365692419973,0.4702271186036394
1,0.5255852099076431,0.05538260242643092,0.41903218766592587
2,0.45513235187360096,0.01903079215327676,0.5258368559731224
2,0.4230145633390925,0.024289327450510424,0.5526961092103971
2,0.33412159103866373,0.06881172367540242,0.5970666852859339
2,0.4157268324166475,0.024801310416530293,0.5594718571668222
2,0.42337960967795407,0.04220817963812061,0.5344122106839253
1,0.6474087218995259,0.23933313478701737,0.11325814331345686
1,0.6266313043263703,0.2495663884547258,0.12380230721890409
1,0.569456876711438,0.3004291903469329,0.13011393294162898
1,0.6222506972164342,0.2501648522773998,0.12758445050616607
1,0.6161859002726571,0.2768289322947411,0.1069851674326017
2,0.45883275182966865,0.012685225078547892,0.5284820230917835
2,0.43081500253029037,0.016310609510866683,0.5528743879588429
2,0.3513255750623074,0.047763854349230465,0.6009105705884622
2,0.4243959046513114,0.01667843166249647,0.5589256636861922
2,0.4314187660886129,0.028461818604056197,0.5401194153073308
1,0.4911230675562122,0.04416086564296934,0.46471606680081834
2,0.44143088086426,0.05416361880275661,0.5044055003329834
2,0.3272697231799357,0.13571900460327968,0.5370112722167847
2,0.4299916120352998,0.054801344732833455,0.5152070432318667
2,0.45143368927855065,0.09380277297468155,0.4547635377467677
1,0.5245208711041899,0.04510292534460249,0.4303762035512077
2,0.46898426606396726,0.05481091586575943,0.4762048180702732
2,0.35072882177207787,0.13670609400978162,0.5125650842181405
2,0.45578883086994654,0.055279674628910765,0.48893149450114265
1,0.4872978219247618,0.09619846549400735,0.4165037125812309
1,0.5243831954053109,0.10978439889707566,0.36583240569761344
1,0.49879552744944,0.1159326215813759,0.38527185096918415
1,0.4465422329606684,0.1550470526549396,0.39841071438439185
1,0.49243536931574416,0.11593302408128911,0.39163160660296664
1,0.5045165656892545,0.13959727183573148,0.355886162475014
1,0.7629920775388492,0.09548236476150841,0.14152555769964237
1,0.6763162842874801,0.11992715622776629,0.20375655948475374
1,0.4512235254528165,0.30049836437317184,0.24827811017401158
1,0.6524590349601979,0.12062855830658911,0.22691240673321297
1,0.6700494454786077,0.21319419965390382,0.11675635486748846
1,0.6888973263544722,0.15211932685694715,0.15898334678858062
1,0.6534267973660121,0.16439406893195738,0.18217913370203043
1,0.5673023914656714,0.23492020953069673,0.1977773990036318
1,0.6448073244651303,0.16480542935151138,0.19038724618335826
1,0.6494616339638891,0.20333110003210986,0.147207266004001
1,0.5416548196490272,0.14096356973232757,0.3173816106186454
1,0.480646700047978,0.1567954202203748,0.3625578797316473
2,0.3504842527337387,0.2653181174919464,0.38419762977431493
1,0.46614793754048095,0.15654299143589606,0.377309071023623
1,0.4834352632940969,0.22541581263139213,0.29114892407451093
1,0.5416937010322074,0.288246709899654,0.17005958906813853
1,0.5105336203350389,0.30092279387995524,0.18854358578500582
1,0.4318003092702494,0.37047066385835903,0.1977290268713916
1,0.5037435540523971,0.30101809751353104,0.19523834843407178
1,0.49895482712249745,0.34345538941802334,0.15758978345947916
1,0.69127940834413,0.17916289180787387,0.129557699847996
1,0.625058069363417,0.20605527916714628,0.16888665146943674
1,0.4487927040217041,0.35882234298395355,0.19238495299434227
1,0.6093170103928675,0.2069841425628929,0.1836988470442397
1,0.6001103360219686,0.29046316336742173,0.1094265006106096
1,0.636637523850517,0.048358901414987034,0.3150035747344959
1,0.5658681828621895,0.05799276584953995,0.37613905128827035
1,0.4310384705561837,0.1439547938704192,0.4250067355733971
1,0.547208497035066,0.05809510817264698,0.39469639479228713
1,0.6024676126898568,0.10393261869882954,0.29359976861131365
2,0.425502224721016,0.06736536744652749,0.5071324078324565
2,0.37865631965841084,0.08245201740229084,0.5388916629392982
2,0.25843805095341527,0.18883225097769532,0.5527296980688894
2,0.368648153963009,0.0836152023893886,0.5477366436476023
2,0.37112544571097117,0.13498462692308003,0.49388992736594883
2,0.32574108966590354,0.11330261145388716,0.5609562988802093
2,0.300091876525259,0.1270509060070394,0.5728572174677016
2,0.22857536988920743,0.20029592497529158,0.5711287051355011
2,0.29489575365364423,0.12820850756597738,0.5768957387803784
2,0.2869795411989515,0.16379579088185942,0.5492246679191891
1,0.46420465719648135,0.08177483462255766,0.45402050818096096
2,0.39379736549669414,0.10130219822807147,0.5049004362752344
2,0.23494896525755687,0.2478996746258068,0.5171513601166362
2,0.37870562899784876,0.10230395200336966,0.5189904189987816
2,0.39161698904624703,0.1831644760239161,0.42521853492983686
1,0.7382626110131797,0.18310982677176776,0.07862756221505246
1,0.7019855569952451,0.20250278993017462,0.0955116530745803
1,0.5912431558657588,0.3018058555063774,0.10695098862786383
1,0.6941856714997582,0.20396734540022843,0.10184698310001336
1,0.6785102316986803,0.25133497650177156,0.07015479179954823
1,0.5830544580472049,0.14249495017245042,0.27445059178034475
1,0.5563747087598325,0.14956066929505227,0.2940646219451151
1,0.5000949729728598,0.19352549507851763,0.3063795319486226
1,0.5497656240219226,0.1495170744127998,0.3007173015652776
1,0.5600503327957075,0.17644875456032932,0.2635009126439633
1,0.53502280585615,0.24456623150583573,0.22041096263801416
1,0.506436538562705,0.2544920295547795,0.23907143188251548
1,0.43829640232579453,0.31309648759889885,0.24860711007530661
1,0.49993403808113684,0.2543891382773723,0.24567682364149085
1,0.5006714335845398,0.29130636972937923,0.20802219668608096
1,0.6369902623434052,0.28645058334031764,0.07655915431627722
1,0.6200200482061419,0.29672594365553756,0.08325400813832055
1,0.569001976059147,0.3439589601475616,0.08703906379329142
1,0.6167823112804087,0.2975348192652486,0.08568286945434261
1,0.606866354140039,0.32079918172777433,0.07233446413218668
1,0.5793409024986642,0.288643247531957,0.13201584996937887
1,0.5514290020703279,0.30164300531836646,0.14692799261130574
1,0.4769009520002579,0.3683047515638475,0.15479429643589457
1,0.5455271601416392,0.302103748946869,0.1523690909114919
1,0.537831638269636,0.33988386538541293,0.12228449634495099
1,0.5931720715915667,0.1446888455860115,0.26213908282242177
1,0.5521470276699687,0.15571475446702757,0.29213821786300365
1,0.4631914768482467,0.22649674282411142,0.3103117803276418
1,0.5420419026311292,0.15564428846221023,0.3023138089066607
1,0.555517355352788,0.19874818303590822,0.24573446161130383
1,0.5193844536918826,0.13860459705926215,0.3420109492488553
1,0.4840122966420875,0.1479371326313886,0.36805057072652386
1,0.40879538411015404,0.20878004444687076,0.38242457144297515
1,0.47548276941170947,0.14783547547880801,0.37668175510948243
1,0.48774569264708273,0.1857770928561328,0.3264772144967844
1,0.6482140832209213,0.09194052859833395,0.25984538818074476
1,0.5897405709694175,0.1042329644465297,0.30602646458405286
1,0.46869503500721404,0.19336839505014605,0.33793656994263993
1,0.5744903540369412,0.10425017401432629,0.32125947194873267
1,0.6054991646696696,0.15537153824699185,0.23912929708333855
1,0.49263725498022803,0.05879990192202606,0.4485628430977458
2,0.4351776257525312,0.07112785323739208,0.49369452101007677
2,0.30750630240230364,0.16921122925042023,0.5232824683472761
2,0.42199489725448414,0.07173450055827202,0.506270602187244
1,0.44482823578856445,0.12231909054791348,0.43285267366352215
1,0.6353544342967021,0.13614780057238085,0.22849776513091716
1,0.6009016574408638,0.1455755704074029,0.2535227721517332
1,0.5260536048786185,0.2039021083654992,0.2700442867558823
1,0.5922764422650587,0.14563665474182888,0.2620869029931125
1,0.6045246948703754,0.17991929870289325,0.2155560064267313
1,0.7581608277204362,0.12044644381103446,0.12139272846852932
1,0.6974911076740792,0.14197075906270876,0.16053813326321206
1,0.5320410672161733,0.2783058236548406,0.1896531091289862
1,0.6818562329043354,0.1429897221043453,0.17515404499131934
1,0.684182864616411,0.2109508537584989,0.10486628162509017
1,0.7151447919407414,0.20053039953719995,0.08432480852205873
1,0.6621354532094768,0.22843383061388467,0.10943071617663844
1,0.5021238404054578,0.37244036017542764,0.12543579941911465
1,0.6505267926751525,0.23029778512870458,0.1191754221961431
1,0.6269394620318743,0.3014462015531829,0.0716143364149427
1,0.5583163976961045,0.0643262104393754,0.37735739186451994
1,0.5162845763147468,0.0715330083590571,0.4121824153261962
2,0.43480281075161553,0.12366390119955119,0.4415332880488333
1,0.5055268817561154,0.07162455614616933,0.4228485620977153
1,0.5331739291367718,0.10106709540933845,0.36575897545388986
1,0.6090466517142085,0.2004156812594659,0.19053766702632566
2,0.441286619729608,0.03388508467179297,0.5248282955985991
2,0.42292315153053406,0.038036496978920135,0.5390403514905457
2,0.37718859713165664,0.06319894250805767,0.5596124603602857
2,0.4186231072604779,0.038373716963999605,0.5430031757755226
2,0.4231353273945147,0.049921219911884904,0.5269434526936003
1,0.6897861434515646,0.19882032943433614,0.11139352711409918
1,0.6642547901449796,0.21071536701909718,0.12502984283592314
1,0.594864681054928,0.2715701500889658,0.13356516885610625
1,0.6586586652280625,0.211396324490178,0.12994501028175953
1,0.6532590532310972,0.24299187280333231,0.10374907396557041
1,0.5313988450478837,0.343293919943113,0.12530723500900337
1,0.6347180315111017,0.3318987490566814,0.033383219432217025
1,0.6175096671618663,0.34545078038603505,0.03703955245209871
1,0.5590789089404571,0.4018211997094564,0.039099891350086534
1,0.6146991466835791,0.3469059717778664,0.038394881538554616
1,0.5974330492364616,0.37149616828906756,0.03107078247447081
1,0.48108902439108114,0.1465367312269758,0.37237424438194294
1,0.44385002635629617,0.1569731580481888,0.3991768155955151
2,0.3631669366064846,0.2248662436334859,0.41196681976002947
1,0.4351093189849929,0.1568711936749893,0.4080194873400179
1,0.4453511129707568,0.1996227354115675,0.35502615161767564
1,0.4921130563182455,0.2769299403431435,0.23095700333861102
1,0.5260867657454311,0.08190560493181939,0.3920076293227494
1,0.4941658929804737,0.08856348576681393,0.4172706212527124
2,0.43019798256417213,0.13285559237269953,0.43694642506312836
1,0.4861568639248583,0.08864066808669865,0.42520246798844313
1,0.5037353785188095,0.11435973489933995,0.3819048865818506
1,0.6780844929313037,0.1167856780089377,0.20512982905975866
1,0.6349250967582644,0.12817400202447896,0.23690090121725668
1,0.5395645557905533,0.2006583385319389,0.2597771056775077
1,0.6238162594732387,0.1283613531739567,0.24782238735280454
1,0.6403693564879714,0.16905537557756098,0.1905752679344675
1,0.585408539703271,0.1457617901172179,0.26882967017951115
1,0.5496785298695351,0.1552917114222046,0.2950297587082602
1,0.47251763889118137,0.21577750306034563,0.31170485804847287
1,0.5408701109691779,0.15523523765088068,0.3038946513799415
1,0.5529920309710817,0.19209167374441669,0.2549162952845015
1,0.6711688124574697,0.05868044194310517,0.270150745599425
1,0.5818617891060763,0.0727180561962922,0.3454201546976316
1,0.4005086456044293,0.20135550551359155,0.3981358488819791
1,0.5581886749809033,0.07279007040924346,0.3690212546098533
1,0.6168451252346634,0.14223144743251423,0.24092342733282235
1,0.4846153562823115,0.10402717208039501,0.4113574716372935
2,0.4345265268551915,0.11728847939561024,0.4481849937491983
2,0.3257500245474524,0.20858085003786594,0.46566912541468164
2,0.42295413527349096,0.11753434971221823,0.4595115150142908
1,0.43850551101653906,0.17108386981081797,0.39041061917264286
1,0.6402245303993122,0.23143607401355995,0.12833939558712792
1,0.8541802985053139,0.08633075711769832,0.05948894437698774
1,0.8271897804978702,0.09840640380333444,0.07440381569879544
1,0.7455723780822419,0.16806939505744148,0.08635822686031656
1,0.8206099031036304,0.09937804820415146,0.08001204869221827
1,0.8163984157781021,0.1304205119583514,0.053181072263546646
2,0.4308274631511356,0.01419621039970586,0.5549763264491586
2,0.40063849579183425,0.019448442316527467,0.5799130618916383
2,0.296324207725277,0.06948966798187294,0.63418612429285
2,0.3939924478751691,0.020054764554232985,0.5859527875705979
2,0.38916921184795855,0.03698760654281431,0.5738431816092272
1,0.7579472076567534,0.18710315545101258,0.05494963689223411
1,0.7251409204031493,0.20749324900810534,0.0673658305887455
1,0.6162083057623934,0.3080247854730277,0.0757669087645789
1,0.7185998117054891,0.20930160173380696,0.07209858656070393
1,0.6963900968531473,0.2549385214642126,0.04867138168264018
1,0.5075473048400306,0.15916350668944695,0.33328918847052247
1,0.4477213209781519,0.17575453813028163,0.37652414089156655
2,0.3197874566968729,0.28690492577214216,0.3933076175309849
1,0.4339087536498857,0.17540168933450662,0.39068955701560776
1,0.4468030243108216,0.24830850169687235,0.3048884739923061
1,0.5680590969527523,0.07979617968484498,0.3521447233624029
1,0.49680314765442524,0.09430828010933912,0.40888857223623565
2,0.3496674132473486,0.20965918168730835,0.440673405065343
1,0.47955119069667423,0.09446563564023144,0.4259831736630943
1,0.514070291372534,0.1607627408038379,0.32516696782362803
1,0.42452513180386975,0.18692932509775448,0.38854554309837563
2,0.3502423772271894,0.21018987432256586,0.4395677484502447
2,0.20066196847884402,0.35790938387112303,0.4414286476500328
2,0.3346316642277321,0.20957749111560295,0.45579084465666503
2,0.3389113037186733,0.3171744227797586,0.3439142735015681
1,0.6054099258891574,0.11779025565932437,0.2767998184515182
1,0.5574147549017638,0.12928404310948713,0.31330120198874895
1,0.4564626031953044,0.20701243946376152,0.3365249573409341
1,0.5453360680302354,0.12923192909620326,0.32543200287356144
1,0.5658833775080908,0.17575108424926728,0.258365538242642
1,0.6717159631330063,0.22471292191762815,0.10357111494936545
1,0.6313146990540217,0.2447477573301086,0.1239375436158698
1,0.5172923773847167,0.3466823910852656,0.13602523153001772
1,0.6225839625314743,0.2458649944012982,0.13155104306722754
1,0.6089615013988533,0.29898037957683565,0.09205811902431112
1,0.663037153292959,0.30066720194137003,0.036295644765671
1,0.6493836234476908,0.3111322035581879,0.03948417299412125
1,0.6032362265772642,0.3554848010107502,0.041278972411985616
1,0.6471382489702416,0.3122132283390679,0.040648522690690456
1,0.6338094593392265,0.33191753112391453,0.034273009536858814
1,0.5175444634102891,0.18301563335056534,0.29943990323914565
1,0.47377728173028916,0.1957873611768163,0.3304353570928945
1,0.3777582719542911,0.2780882845289244,0.3441534435167845
1,0.4635487895533932,0.19545315513597836,0.3409980553106285
1,0.4724011340084533,0.24926961614748738,0.2783292498440593
