aspect_strict_Acc:	0.23654015887025595
aspect_Macro_F1:	0.08959557259358601
aspect_Macro_AUC:	0.6935927363550716

sentiment_Acc:	0.9651406971860563
sentiment_Macro_AUC:	0.8196489813725861



AUC per aspect:	 Calls, CustomerService, Data, General, Network
[0.7006989083939131, 0.6694798642326392, 0.6745171515701973, 0.7540231330148354, 0.6692446245637735]