aspect_strict_Acc:	0.27184466019417475
aspect_Macro_F1:	0.3417650825781958
aspect_Macro_AUC:	0.7052586035746986

sentiment_Acc:	0.9428811423771525
sentiment_Macro_AUC:	0.8952173199906298




AUC per aspect:	 Calls, CustomerService, Data, General, Network
[0.7427876861223441, 0.6680050524651937, 0.6631338983356692, 0.785221272315816, 0.6671451086344703]